6.123233995736766e-17 -1.499759782661858e-32 1
6.123233995736766e-17 -1.499759782661858e-32 -1
0.1361666490962468 -3.33512101932679e-17 -0.9906859460363308
0.2697967711570248 -6.608115044354828e-17 -0.9629172873477991
0.3984010898462415 -9.758012389140334e-17 -0.9172113015054529
0.519583950035434 -1.272613642598465e-16 -0.8544194045464883
0.6310879443260534 -1.545719661998769e-16 -0.7757112907044192
0.7308359642781249 -1.79003184870995e-16 -0.6825531432186532
0.816969893010443 -2.000999128949989e-16 -0.5766803221148659
0.8878852184023761 -2.174691581453437e-16 -0.4600650377311504
0.9422609221188213 -2.307873644468896e-16 -0.3348796121709839
0.9790840876823235 -2.398064388152528e-16 -0.2034560130526311
0.9976687691905394 -2.443583729596947e-16 -0.06824241336466787
0.9976687691905389 -2.443583729596946e-16 0.06824241336467447
0.9790840876823221 -2.398064388152525e-16 0.2034560130526376
0.9422609221188191 -2.30787364446889e-16 0.3348796121709902
0.8878852184023731 -2.17469158145343e-16 0.4600650377311563
0.8169698930104391 -2.00099912894998e-16 0.5766803221148713
0.730835964278121 -1.790031848709941e-16 0.6825531432186573
0.6310879443260496 -1.54571966199876e-16 0.7757112907044224
0.5195839500354313 -1.272613642598459e-16 0.8544194045464899
0.3984010898462395 -9.758012389140286e-17 0.9172113015054538
0.2697967711570236 -6.608115044354799e-17 0.9629172873477995
0.1361666490962464 -3.33512101932678e-17 0.9906859460363308
0.5672219222008898 -0.1144704712802627 0.8155708443658357
0.3113350768824165 0.1233483868982901 -0.9422609221188203
0.8460218659428125 -0.119496950639838 -0.5195839500354317
0.9575485127461235 -0.1152991491411037 0.2642100526948669
0.3375793068355893 -0.1185647681734821 -0.9338000896039641
0.6823592380991533 0.1231688752295946 -0.7205659569778603
0.9561776946720312 0.1181071190550834 -0.2679084258476918
0.9120797624918644 0.121933884537481 0.3914621752537332
0.4568449782313252 0.1181071190550821 0.8816707856639737
0.9845442788780208 -0.109018633965364 -0.1370675029935392
0.6827466467795015 -0.1045630454172732 -0.7231345558361956
0.06776477517573465 0.1181071190550693 0.9906859460363279
0.7733729310580588 -0.120835699866965 0.6223287259514282
0.8555598447764786 0.1339059074752036 -0.5000865524579621
0.9837519966373286 0.1181071190550836 0.135213599687967
0.6768089962669511 0.1318273526146093 0.7242590225014429
0.083319741073234 -0.1331326886699153 -0.9875897467850751
0.3325357429611371 0.1181071190550665 0.9356659062303152
0.4456093523703124 0.1303948012216249 -0.8856802475467564
0.574393157716239 0.1316024993766966 -0.807931483806996
0.3788252234286992 0.2523952343861942 -0.8903864867310904
0.2342327834875997 0.2358765479770099 -0.9431316224441318
0.618293784742915 0.2430817409939791 -0.7474115753342452
0.7154656143014544 0.2322730855366913 -0.6589067980279968
0.06776477517567185 0.118107119055141 -0.9906859460363235
0.5039503455411078 0.2562898415586808 -0.8248330536192304
0.5525896949805938 0.363068308903496 -0.750217323227883
0.3022093410306477 0.3686739597007319 -0.8790614458798683
0.1553649612662836 0.3496196570192554 -0.9239198148305211
0.4305302074850058 0.3730043238055933 -0.8218950753382392
0.4760965302051998 0.4761389933232352 -0.7393400793705868
0.2022527991774971 0.4617667078657786 -0.8636349418195559
0.5871987423561872 0.4584753413084703 -0.6670817029325522
0.3499635615048823 0.4829738004245494 -0.8026592139396931
0.2585520460506452 0.5745082833833106 -0.7765893842996996
0.5077555348549567 0.5677910254831156 -0.6479179486671046
0.6157868181654772 0.5469380618602084 -0.5671554910800356
0.6896010853447976 0.432919090351799 -0.5805440588794686
0.7120814971931909 0.5167970273705316 -0.4752481182036239
0.7800461017895791 0.3995424032217175 -0.4815536804040607
0.7951225430796487 0.4780657443685868 -0.3731397667736061
0.7205332279316189 0.5917390669690126 -0.3614923845243275
0.7962014395493578 0.5478680058659093 -0.2567175798577925
0.7147982827577294 0.6563443060215497 -0.2414033283111309
0.7833968041183799 0.6068389566915021 -0.1342979074247918
0.6949838676593704 0.7094050543255688 -0.1172258187881809
0.6197892345163319 0.7525203132096714 -0.2226532797523482
0.5938232375229632 0.7987409811931074 -0.09688553834509209
0.5129503344966523 0.8345981733600685 -0.2008179358618385
0.4818213010397124 0.8731800798696242 -0.07351722235827141
0.3962787622244359 0.9010435743287907 -0.1763054728891483
0.3610826243454466 0.9313184664984262 -0.04759466729398291
0.2719555030477263 0.9506144273775848 -0.1495741114753647
0.2337411145563834 0.9720865205728383 -0.02031964287413654
0.3200287833476571 0.9438872967384623 0.08159870639156167
0.1901529324095372 0.9756884303756884 0.1089676517461916
0.2741789827124068 0.93854416882772 0.2096681392063993
0.1420057668029721 0.9613528249386726 0.2358709566206361
0.05655103502318435 0.989470330772943 0.1332307958314789
0.007474858596474046 0.9660071820491353 0.2584071413843887
-0.07827943858464438 0.9849753677153485 0.1539345786004134
-0.127024333384617 0.9523839299273852 0.2771816529719511
0.2239597238810357 0.9152831595299956 0.3348115588803929
0.353677399050359 0.8837646510623692 0.3063859313571392
0.3010555600002805 0.8524528023366377 0.4274222380519419
0.427772999097251 0.8127228199118819 0.3955905449297569
0.3713314094505542 0.7730516277004091 0.5142996842942965
0.2415311344090626 0.8050881420718317 0.5417525215505671
0.3091141622980323 0.7186334115677618 0.6229080625945257
0.176812844737599 0.7450419524261379 0.6431560518729852
0.4948444219071116 0.7262719579577634 0.4771352441306482
0.304081742023441 0.9116735366607569 -0.2763795519217314
0.1770633103630198 0.9525310863239688 -0.2476552315412877
0.2420473361350368 0.6502447378988204 0.7201353122190488
0.1077112754431761 0.6686307727768419 0.7357521123573126
0.3718451959634473 0.6189327073819862 0.6918478546412572
0.7616184455872209 0.6479706377587652 -0.008449612050524845
0.2069383599983938 0.9048679245263969 -0.3720088094715852
0.07823350712438626 0.9373186155387828 -0.3395781667414414
0.06631010328211495 0.4489112553913293 -0.8911125938879418
0.3019060793805639 0.5446057855235551 0.7824686943305323
0.1066645537303545 0.8807539577796192 -0.461405612051957
0.04107057467171123 0.7553194564450392 0.6540685947297163
-0.02865179187183754 0.6737471149813906 0.7384063243748564
-0.09535059785268513 0.7537494586019503 0.6502076723220069
0.03761900410415396 0.5807776917001378 0.8131925253921554
-0.09878601915281467 0.5800243427212592 0.8085870913332162
0.8574093108040535 0.4929599947245527 -0.1477826693076253
0.4285181345592077 0.5092185252638248 0.7463703516901191
0.5461405285322275 0.7582250575029054 0.3561253785807115
0.6079854832071129 0.6647913491144551 0.4340577315887785
0.3302465963271171 0.8599478782427576 -0.3891360074834163
0.04939854137195944 0.9753952006576615 -0.2148580616228376
-0.02783271717346346 0.5025597852835824 0.8640943247530686
0.6546128648729026 0.6906683396753398 0.3073422224703276
0.7104154187888929 0.590591334788572 0.3827686089789165
0.6577550506799945 0.5591434053171878 0.5046949034766023
0.753783567891637 0.4795639932844124 0.4492535020694463
0.796133021141067 0.5086117831052877 0.3278509825137899
0.6960128239695796 0.4433812837108451 0.5647824237038667
-0.04125367071746637 0.9263576057428995 0.3743791139134469
-0.1760225372494432 0.9027949104554558 0.3923995617173825
-0.2593282975814141 0.9213028761754043 0.2897409954156526
-0.04831719962948961 0.9085501645476802 -0.4149723445247253
-0.3103844812586916 0.8627626946911082 0.3991265544199116
0.001583475200923024 0.8431534757041873 -0.5376706324639987
0.1329131052574123 0.8087346310304208 -0.5729593380187824
0.0321092594772563 0.7593887640347301 -0.6498443663783099
0.5570294322581681 0.830099755862808 0.02554617221130125
0.3598791249825054 0.4383746686444793 0.823598606903065
0.4693523714256861 0.4015500309554197 0.7864260448871123
0.5310875035829101 0.6510374315706196 -0.5423064873593191
0.4181958302121299 0.6661877451307193 -0.6174999075553251
0.7837710458851802 0.3593590246692333 0.5065215089419484
0.8547306015501409 0.3553684090561611 -0.378350224816409
0.01743439648762905 0.3361839844932806 -0.9416349453951536
0.5345341617472257 0.7815821863842383 -0.3215626157562859
0.2270348136658663 0.4638168390636249 0.8563463862157257
0.2808466552302162 0.341546665367846 0.8969230912525915
-0.02917239522974397 0.9991593433882305 0.02880239359080267
-0.1634260476845251 0.9854218073963394 0.04728412467147039
0.1469235447777743 0.3740343445770855 0.9157028890785064
-0.1151378843450566 0.9905352752022633 -0.07472038656565544
-0.2509964564465891 0.9664635076531924 -0.05430531489590329
-0.0945119167529295 0.7854143310787085 -0.6117122085816763
-0.3869638264964712 0.8733450305579028 0.2958503922306421
-0.4290989514239091 0.8063440729046726 0.4070421673222638
-0.06855386282202072 0.4245942875084158 -0.9027846137963365
-0.1167837020016328 0.3042402504791523 -0.9454096661951243
-0.2021764329607074 0.3979440448035906 -0.8948548637408429
-0.2529329644472809 0.2803843051235878 -0.925964122920685
-0.332196078838993 0.3648630796446548 -0.8697819832097098
-0.2829583643848516 0.4849334778500787 -0.8275107770203822
-0.4122828546710168 0.4513448238922564 -0.7913979388967255
-0.5075449814405524 0.8094068870254244 0.295395638170778
-0.3576194092396578 0.5635824223992217 -0.7446362946416883
-0.4811688432451252 0.5217929847590717 -0.7044207729378567
-0.4264505396100126 0.6334971407515798 -0.6456169994090166
-0.5440746416942779 0.5852308729819521 -0.601238396623191
-0.4831366814828379 0.690161384621388 -0.5387543133778507
-0.5984033885777444 0.638005067716247 -0.4846265759397232
-0.6532373704481284 0.5263551417092915 -0.5442712583319151
-0.4545247737129902 0.3259100012579529 -0.828969179862072
-0.7021863390477813 0.573452838483381 -0.4220025915679047
-0.6392794289371766 0.677674600461088 -0.3634266743480207
-0.7365062971936668 0.6075780546940326 -0.2973337882721864
-0.6682107029660699 0.7064816072629758 -0.2331913271129806
-0.7596202560370766 0.6284278638264378 -0.1674977211328745
-0.5656693408969696 0.7706378576182861 -0.293488482184031
-0.5883748276679398 0.7921665222099179 -0.1621334735844691
-0.1650388225588947 0.1817475726720161 -0.9693967231614742
-0.2920186646937407 0.1458425204685449 -0.9452275168941426
-0.4612246140716694 0.8685345574842747 0.1814375314813197
-0.5742036947430091 0.7990689990899806 0.1782662380733199
-0.2027915190641336 0.04791711716006469 -0.9780488483090861
-0.1946222577219707 0.9631180818930994 -0.1858110253180899
-0.06994247398814506 0.6960055373446018 -0.7146218176896574
-0.3460671057958467 0.7873262657997373 0.5102498500420434
-0.4877351865888088 0.8448355211705424 -0.2199257373107517
-0.338221937128718 0.7366761423039317 -0.5855887487009076
-0.5046738487016589 0.85878507812458 -0.08827511556046838
-0.4094730797051395 0.785259613882319 -0.4644342104132507
-0.2779889458336364 0.8243619613040776 -0.4931019192309012
-0.3346957612168343 0.8612793990266902 -0.3823304123865996
0.7189642142684876 0.3219594510357034 0.615980982247086
0.7933017439445854 0.2335193521621484 0.5622642218923856
-0.2949588389614048 0.9530369943964989 0.06870058682593545
0.4914273636824147 0.5749852823914976 0.6541338328334053
-0.6038006929344343 0.7962288109807922 -0.03800531247090103
-0.02007493638922241 0.5373640221028089 -0.8431114426209981
0.04284368034001124 0.6565480917767093 -0.7530664129008042
-0.02616040927670501 0.8273290629809887 0.5611080595869876
0.5886156291267797 0.7750301000105527 0.2299129949031112
0.6854714730096404 0.7068577122099586 0.1745881851079764
-0.2265693150798103 0.6099765124773667 -0.7593385277267409
-0.1410362150205616 0.8130557797299524 0.5648443016446154
-0.2411780587334741 0.7555504860127612 0.6090784900745004
0.4370862469870465 0.7432710681435593 -0.5064619748367205
0.3228432001001897 0.7526353680878356 -0.573857361068373
-0.2078791075460812 0.8858653512220034 -0.4147636147857733
0.1881862648435959 0.2605488598877261 0.9469425649612663
-0.3190237754423016 0.9336807503806662 -0.1626778628797907
0.6242716282234883 0.3979359416039214 0.6722588196334767
0.8585893117592549 0.2695186991690151 0.4361009797409437
0.05894562365739323 0.2711731236583522 0.9607239720424452
-0.05460147786892602 0.1887824220105224 0.9804998091557031
-0.06847631435427794 0.3210913036387931 0.9445694093606857
-0.1674439083027257 0.4831952418248577 0.8593514390807324
-0.2333297057023014 0.5693632465783455 0.7882783403612227
-0.4641863804362131 0.7240774201730029 0.5101400727380041
-0.6173427079396069 0.7326814462712713 0.2864714283198788
-0.6826509836509682 0.7102979732900367 0.1716520424009914
-0.1984912066183669 0.7133125129191518 -0.6721506526130504
0.6474411778136411 0.2706738439630685 0.712429358930092
-0.3784204783553464 0.7015100797883682 0.6038886896743703
-0.4960620238220038 0.6338371320686275 0.5934416218404596
-0.717621012758648 0.6392667370724862 0.2763297322402155
-0.2896230547846071 0.4727552401470285 0.8322385289391244
-0.7754233511937012 0.6111067657599771 0.1589564319740177
-0.8038131864168867 0.5325725893053217 0.2650486718754815
-0.816188403478102 0.5284677372176451 -0.2335772693305777
-0.3306849052755726 0.01495915946368421 -0.9436226560288946
-0.7502114671636241 0.4568940565895317 -0.4779441134582205
-0.8538497332873394 0.5002851941344615 0.1437197185322307
-0.874168098825558 0.4160872036506398 0.2504028233744591
-0.916384720739021 0.3804032268047879 0.1246291644542778
-0.8173396179166289 0.4449528050981267 0.3660231553046987
-0.6959309716059461 0.4059633650539809 -0.5923460382189216
-0.7861388334182803 0.3324651285167369 -0.5210112022904066
-0.7249240054142603 0.278079465671861 -0.6302039329818546
-0.1785363315791841 0.2403820520358493 0.9541180468711835
-0.4303913134259761 0.1157939270981936 -0.8951843853501028
-0.4521665023300616 -0.01934579689717145 -0.8917237208423985
-0.8080618817097679 0.2017246030981769 -0.5534827728417137
-0.3621900543761301 -0.1164983144083246 -0.9247953866942866
-0.4798614266536309 -0.1501676811197082 -0.8643972921967489
-0.3859451744579139 -0.2460725174093819 -0.8890976540788194
-0.8618177373349354 0.2536108902905981 -0.4392626821628517
-0.8759277255522194 0.1207399337177341 -0.467089379042976
-0.9215529892836291 0.1708747021514701 -0.3486286335157426
-0.927522923809954 0.03670167463665301 -0.3719599614016266
-0.9283155584243566 0.2925734378732269 0.2294144882920783
-0.8731908806199886 -0.01423178287608797 -0.4871705475069863
-0.4995655966451743 -0.2778879489965 -0.8204952787500179
-0.4015062021736051 -0.3713412704860688 -0.8371967692543494
-0.9187089733812154 -0.09489684794361743 -0.3833645921041736
-0.5127415613792076 -0.4031032946546754 -0.7580262693818456
-0.4085822494125153 -0.4899628779765647 -0.77006293487606
-0.5136845836022201 -0.5145761552587191 -0.6865417168741957
-0.9623749586051059 -0.0464283850098202 -0.2677290498156685
-0.9442183463915242 -0.1770519623253164 -0.2776766410312728
-0.9781166349244204 -0.129440285474412 -0.162889720303127
-0.9491888728716514 -0.2623794368633839 -0.1737743212557521
-0.9762816963078352 -0.2100627967894028 -0.0524182302191688
-0.2953875215936702 -0.4571551867412331 -0.838901273882891
-0.9078666345088107 -0.2946220967624348 -0.2982884410180052
-0.858961478703114 -0.1413207242041735 -0.4921520405469917
-0.98787493047465 0.007413331449840453 -0.1550747054052339
-0.5692779421802058 -0.05310846178028324 -0.820428007709636
-0.6112191160281129 -0.4204526640437203 -0.6705451136950823
-0.608729806910719 -0.5305349133898626 -0.5898989132494226
-0.5059437036736286 -0.6197685218363729 -0.5999232851404993
-0.9387657945363848 -0.3391060583410399 -0.06103985751026469
-0.9573039249810666 -0.2825207397560997 0.06124725972246046
-0.910493208423393 -0.4103389713441907 0.05122544300508562
-0.9203231744786713 -0.350388240406092 0.1738773576479228
-0.8649469511835852 -0.4746584120013955 0.1629912990148064
-0.8664081593787127 -0.4109314982575356 0.2836762328814458
-0.8029312434750016 -0.5310581572906845 0.2707002989039913
-0.7968813944554463 -0.4633873312073507 0.3876238182146092
0.3325357429611215 -0.1181071190550749 0.9356659062303196
-0.7256211749186778 -0.5783998467144206 0.3727298322248601
-0.7121497418803768 -0.5053933740275101 0.4872579220790588
-0.6344619315471536 -0.6157985043606368 0.4671726227473715
-0.6415697855008421 -0.6832175422697072 0.3487147835514641
-0.5444402240612874 -0.7145383423904234 0.4393401867323785
-0.5459989549839972 -0.7754175372048192 0.3171951830523214
-0.4465096626644176 -0.8014343773691968 0.3979096127491217
-0.4394165398355003 -0.85352203837797 0.2800236320779216
-0.3368471746101818 -0.8719177288883153 0.3553779045008005
-0.3260491187356512 -0.915469605222084 0.2358121584783677
-0.2182535541495032 -0.9245315234959767 0.3124209470623221
-0.2062358010025934 -0.9602882455077391 0.1879182799104094
-0.09723572076902123 -0.9600467603120515 0.2624031871393011
-0.0839003786799591 -0.9873323905322634 0.1346680253928358
0.02588605022947149 -0.9781586403897063 0.2062415734872051
0.03632435120937919 -0.9966563001384119 0.07318989618539901
0.1485772779688477 -0.9778387175048189 0.1474999492199869
0.1586828158391114 -0.9872600945888448 0.01171621055614573
0.2692815341350759 -0.9591606746194922 0.08659246871027915
0.278417937357813 -0.9591951070790946 -0.04927675631517328
-0.6146899497840242 -0.5375461807746176 0.5772351073601951
0.2563586161714647 -0.9416460197542157 0.2181353556755411
-0.2307786182489413 -0.8592736572854968 0.4564975479170902
0.3854639860783451 -0.9223802255180281 0.02514428384156119
0.3907272872536574 -0.9138551045928234 -0.1104582944148502
-0.6861697208742588 -0.4222613277977927 0.5923398392829802
0.2812136622099884 -0.9418178195915149 -0.1841142875670742
0.3891717520990023 -0.8879680243270712 -0.24506761340673
0.4948385680230837 -0.868240123998013 -0.03597052511124783
0.2757101825444606 -0.9080884274331773 -0.315213107600619
0.3816813784999792 -0.8450630302844494 -0.3744166130833666
-0.0858072136583192 -0.9963045115042939 -0.003800321089809449
-0.5359307914595929 -0.8224472642340941 0.1906795330373676
-0.5826234452788223 -0.4499233714646857 0.6768447981784935
-0.6481667661538327 -0.3305577264534371 0.6860112482573573
-0.5499799769906831 -0.3590212002666508 0.7540728099251564
0.2643164360407919 -0.8566101358871923 -0.4431206345161776
0.3680965755657104 -0.7859952885179124 -0.4967054635137818
0.4819534446696245 -0.7668167605756743 -0.4239256218622698
-0.6054099457277045 -0.234666600675996 0.7605329605882645
-0.7034865388415867 -0.2056748454416972 0.680297396453359
-0.6498581374493805 -0.1054263042432328 0.7527082406646253
0.4643914137970782 -0.7004836963965281 -0.5419070085117995
0.3466394862712619 -0.7127072621533102 -0.6098273731405703
-0.5961625396948192 -0.6317558683266471 -0.4954540837448685
-0.4878327382651158 -0.713729777269393 -0.5026022527961267
-0.4767778333695916 -0.4740759865891656 0.7402262198456004
0.5738205090997146 -0.6744399390774833 -0.4646082133515345
-0.483787468677484 -0.2506226977178818 0.83853321254393
-0.9129246687463841 -0.2914422309300445 0.2857095994621524
-0.7440756987742981 -0.07665390758911943 0.6636833077190194
-0.6821640597025068 0.02480202781670354 0.7307783898463159
-0.8499123518285813 -0.52461485870567 0.0492772182092255
0.1549909961944771 -0.9110082087443127 -0.382154202775689
-0.5725926139763358 -0.7180177967970113 -0.3957121957970373
0.4391396598613432 -0.6205836090607979 -0.6496401644771808
0.317711216013971 -0.6265689516828274 -0.7116677117911185
0.2221026674919944 -0.7124263773217171 -0.66567188763624
0.1916456962136827 -0.6251027236168218 -0.7566495305288995
-0.3951529582307862 -0.6983092305887286 -0.5968403120400266
-0.3714754014278064 -0.7848004948851023 -0.4960788338179212
0.06776477517637144 -0.1181071190564074 0.9906859460361247
-0.3112510640289092 -0.9450216178164103 0.1002841812078383
0.01574391367742796 -0.9417993759814841 0.335806588057776
0.4857179700564803 -0.8683525639729182 0.1002091722641761
0.5905302497450099 -0.8060856298485537 0.03872959446930475
0.5763867958496532 -0.7983468779234213 0.1744148046471284
0.6757519968246803 -0.7285562956479513 0.1120935451272382
0.6557372438654772 -0.7136903262603621 0.2462819222153457
0.748866246364 -0.6372897711835819 0.1818270953446453
0.7621952093962735 -0.6456845898509195 0.04636672516385604
0.7222859864938213 -0.6159654255742161 0.3144670860548401
0.6265403796146386 -0.6837838060624392 0.374014517471059
0.682958847398091 -0.5824649188723351 0.440796813785802
0.5772669701387695 -0.6468460555787725 0.4983503040723349
-0.2738370742968882 -0.7615578684347633 -0.5874034982579014
0.6302803990435281 -0.5420024277560869 0.5558596827330067
0.5207945596179 -0.5968943519675577 0.6103197188864431
0.4576282978423548 -0.7036389992546316 0.5435701424304407
0.4004903885177039 -0.6420490795002881 0.6537433963091109
-0.5787880247403939 -0.00291723725665129 0.8154728150857646
0.8282723677839406 -0.5482213605405527 0.1158370606181368
0.834199443508855 -0.5510826123948793 -0.02047541856841714
0.4573797813772288 -0.5406616785091679 0.7060373113221197
0.3319539851872461 -0.5797141271231738 0.7441357957605065
0.2707288163767781 -0.6788361979175588 0.6825593925659962
0.1987124721745248 -0.60702326332183 0.7694388287501515
-0.7726484489608787 0.05313794719326219 0.6326063016493232
-0.7297405607288306 0.1402656337908092 0.6691817884584385
-0.1641123628654594 0.1071856784496672 0.9806010211548836
-0.2862053508387061 0.1569428924664974 0.9452277110070052
-0.9874938207070199 -0.1477919902426976 0.0548951881821583
0.1372519197752988 -0.7027209048490899 0.6981011677443831
0.06300075866459848 -0.6226409735763334 0.7799673854922402
0.4066702233468666 -0.5286101007907076 -0.745111193571166
0.5241412780788992 -0.5172478918430498 -0.6765578607907374
0.2559012457791784 -0.5005612476825183 0.8270145039400367
-0.2501720732113676 -0.8414575639477144 -0.4789186797988822
-0.3432503743446929 -0.8570864400752485 -0.3841640466667407
-0.2175422965392216 -0.9044999695389764 -0.3668176036130655
0.7797155290266981 -0.5008600564110959 0.3757431272644788
-0.6750668792033824 -0.6283244980351442 -0.3866432900898322
-0.6470766151888665 -0.7093501567440775 -0.2794891933561514
0.7603320279267411 -0.6445074192005317 -0.08065602212035679
0.8235614350986024 -0.541939480213837 -0.1674758561819788
0.8924788684129265 -0.4485394448481609 0.04789400642758693
0.487316745487329 -0.4203810060911197 -0.7653771614605807
0.3656628899035741 -0.4273030599263922 -0.8268631966201596
-0.425991428576301 -0.7383278599097197 0.522879789302145
0.2221941654236656 -0.7749275162581276 0.5917069353976595
-0.1473215340645723 -0.8094243689882997 -0.5684439783204269
-0.1727355906248437 -0.7267932766223281 -0.6647811284837037
0.001676911619524987 -0.7255311318756645 0.6881873034622459
-0.07328259066276238 -0.6279513199289574 0.7747946835809046
-0.01150300334182546 -0.5304545125462564 0.8476353526330951
-0.2796491145369723 0.0228160751823682 0.9598311306953738
-0.8274636142829738 -0.04820796135260027 0.5594461184957711
-0.8506808533625323 0.07984685648637573 0.5195830686537409
-0.3094479839916079 -0.9131494744255085 -0.2653299503635938
-0.2647734148353608 -0.2107067483599278 -0.9410088761494272
-0.7005564223627528 -0.4319619259433278 -0.5680049239413608
-0.74234135890143 -0.6137441257271122 -0.2687888669566523
-0.1473896564452314 -0.5303448907431919 0.8348715985321027
-0.2036591124521499 -0.6278649653568984 0.7512047332069888
-0.084866639548855 -0.4278847977621071 0.8998401265423572
-0.9617935427311859 0.2536846129033726 0.102943180136718
-0.9645958532828423 0.1694521501966015 0.2020910899156463
-0.8964135295404301 -0.02104889144235808 0.4427185654859261
-0.7069015273240786 -0.6889322734444205 -0.1601953597130301
-0.6068157734006639 -0.7764668986513336 -0.1699228426402226
-0.9414243350929684 0.3372241993399198 -0.0002463215629658094
0.6000553738754771 -0.4046318037201074 -0.6900772795139497
-0.805945591908331 -0.06622900235452822 -0.5882732546450279
0.5864427675297731 -0.7340296278367112 -0.3424695400614775
-0.2196666080958188 -0.4232917952198036 0.8789599748494091
-0.1557187360594591 -0.3168492032737678 0.9356058238514888
0.6749799673740533 -0.6361708609890184 -0.3737494873203348
-0.6591510337004772 -0.7504591719355487 -0.04827987188676996
-0.5455705264751571 -0.837348155998499 -0.03465351767906635
-0.6988828994729519 -0.3218449995792202 -0.6387319383513961
-0.04128361254311273 -0.7654545909320535 -0.6421642566792649
-0.06565346364784316 -0.6692463313423512 -0.7401344274493959
-0.1812503655255344 -0.9511588779488412 -0.2498901636638817
-0.5761684786941068 0.6511806267453023 0.4939571595907017
-0.599494669789447 0.5466817223142372 0.5845898009558337
-0.4959461042984109 0.5261531528872835 0.6907968741518744
-0.6110612031619057 0.433152861892534 0.6625577742541638
-0.5191946183872974 0.3890719575671886 0.7609598938659673
-0.7650430525993412 -0.5281879892444451 -0.3684108788939211
0.6556275346743735 -0.5701846220405979 -0.495017204312359
0.7480164535382651 -0.5246722083281181 -0.4064362914949062
0.8778017803232963 -0.4454378062412113 0.1762078183063071
0.9337287229259212 -0.3396822904779805 0.112989439855064
0.938941786262662 -0.3437259755700751 -0.01551694970932748
0.06101790504787905 -0.4302761688562585 0.9006326852707204
0.5929245874323781 -0.7999455324072046 -0.09234489049156087
0.4673640455932368 -0.8540886377642126 0.2282617964723718
-0.7420909520334751 0.1380445559998832 -0.6559304227346416
-0.588899289667423 -0.1799803190280162 -0.7879116139464998
-0.9000461074493309 0.300207752970766 -0.3158992078520476
-0.9503156928800841 0.2168120114961602 -0.2233665944962103
-0.9894519591883143 0.122515282129358 0.07729699931543267
0.442318476974753 -0.3151078071541281 -0.839679364279754
0.3168842249564209 -0.3185562568817514 -0.8933679528476808
0.2370351252805985 -0.427261770883375 -0.8725031395501184
-0.8663754823288083 -0.1493910647316018 0.4765247458400066
0.1330247125653009 -0.8564091861983962 -0.4988664466988332
0.02165496117374811 -0.9017145680714768 -0.4317891851172673
0.04340008060929733 -0.948696210589338 -0.3131963170545545
-0.6496840305505606 0.2194689366539776 -0.7278351779706382
-0.2709434183976215 -0.9521747094772105 -0.1412550411808415
-0.8395936363426408 0.5342246491306226 -0.09842027267897929
0.7232720075659829 -0.4539672490533619 -0.5203761522767887
0.8088416897082914 -0.4041667231427755 -0.4271116726265709
0.1946081648288082 -0.3289445849458118 -0.9240796081598117
0.1038379385422659 -0.4202579107936039 -0.9014438257233158
0.5581432268269519 -0.3039048345398584 -0.7720867761401556
0.5083186321336369 -0.1961913111017056 -0.8385231885129845
-0.9217114955347188 0.2099774002846548 0.3261248386260235
-0.1456050364741214 -0.02778168651718649 0.9889526536936086
-0.24925282042118 -0.1123594392706006 0.9618983251461056
-0.3709268118832872 -0.06157661562321826 0.926618379180173
-0.2887623455184479 -0.3087932169220723 0.9062356520208209
-0.3408807088626208 -0.4112664409145139 0.8453758080894117
-0.8249512745272578 -0.506643784514205 -0.2505343694365639
0.9075755553643389 -0.3343159060507637 0.254046228601349
0.7771746461012293 -0.3254537617708559 -0.5385902138051043
0.9713216562431475 -0.2312695241920877 0.0552145568943022
-0.9814049643820165 0.03505926114228027 0.1887197501442028
-0.1398819817483528 -0.199946039387029 0.9697703916472157
-0.6955064186269162 0.4535409494053139 0.5572893582882122
-0.732428073487644 0.6776208152815393 0.06617513025571092
-0.4324638917486326 -0.8564231644902907 -0.2819828818528944
-0.3007962425729476 -0.5719656983234529 -0.7631362004225467
-0.1853452967496732 -0.5344489711626013 -0.824628048392736
-0.1771717775034939 -0.4148991811463299 -0.8924510242810848
0.05855065756654711 -0.3099845035532053 -0.9489369989917127
0.6455781083075237 -0.2976276430559043 -0.703311234207919
-0.7797070007573976 -0.3258922212341445 -0.5346505897396718
-0.9135650311173659 0.3495656447627256 -0.207852817929289
-0.6685676067944741 -0.08108471692087486 -0.7392175754315985
-0.7014937511688281 0.3369491750732271 0.6279902630523486
0.8575877697158559 -0.252770089884348 -0.4479402849640147
0.8809326230477733 -0.3441759350901195 -0.3248086195823809
0.9225761960999672 -0.2186422006453099 -0.3178816611361701
0.932732743214855 -0.2901561490662372 -0.2140538224231066
-0.2984722081694771 0.2882004325911799 0.9098652931092015
-0.405594637707898 0.2042145772184008 0.8909485935305744
-0.412377971427644 0.3316510425243785 0.8484998495425407
-0.5134821203888315 0.2436468429473415 0.8227832812854081
-0.7755206560344855 0.3543257086318963 0.5225141187244089
0.6796112861430208 -0.6882467924394945 -0.2538599071215785
-0.9266014640124913 -0.1117096125035704 0.359069198573492
-0.6140892722050767 0.2978364926573149 0.7308815152979505
-0.08232684830524507 -0.487087936455365 -0.8694639913232631
-0.6386164972528426 0.0488059861003242 -0.767975875374536
-0.5522984724829217 0.156762795280299 -0.8187745863843957
-0.7504244062835865 -0.6593022453855492 -0.04673071456226126
-0.7002391448728856 -0.7106655777827343 0.06796746679421102
-0.7651109654635386 0.2466048612127156 0.5948035414771076
0.09310897080261558 -0.6996462925894273 -0.7083966295952763
0.04858953264853812 -0.6023368006077615 -0.796761843934938
-0.3634969800785931 0.5489936951294829 0.7526459115559051
-0.8519332918863248 0.2310068115212011 0.4699420381350644
0.8306642837568894 0.277959367291673 -0.4824266139274103
0.8927307176001096 0.2333614567168714 -0.3854533647176702
0.9140279419852501 0.306744041983173 -0.2654449358681266
-0.6318889691125293 0.150936904407632 0.7602199560664967
0.1217077831779325 0.5658595462131283 -0.815469306273011
0.3872635843302753 0.2347967393124758 0.8915701921104682
0.5040099528189179 0.2271587559891224 0.8332903857821392
0.6729290428761188 -0.121426589454235 0.7296725886501036
0.6006990885255151 -0.2342166381794375 0.7643972602283042
0.4928546988973238 -0.2285796030713375 0.8395508387432997
0.5321908947007276 -0.3258570531093536 0.7814026059186948
0.6247046769970577 -0.3643819025549597 0.690630071477075
0.4039526946033065 -0.3299973510727372 0.8531846041787817
0.2941976483257389 0.6710656394034905 -0.6805282149415918
0.8875560890928739 -0.4118064520076322 -0.2065420896549864
-0.9465234823379126 0.004090541687803288 0.3226089968547242
-0.7773669966695718 -0.2071070899239664 -0.5939757619567958
0.5711513428283388 -0.4879477986955434 0.6600705184550806
0.709084497279134 -0.2391718077607796 0.6633219596024531
0.7954986556316198 -0.2344075003784753 0.5587799322225169
0.7292219267470921 -0.3561060527107347 0.5843148644130476
0.8110072591234216 -0.3569968780279909 0.4634872756909116
0.8693972691243541 -0.226434469612176 0.4391762965035431
0.8518975675543842 -0.1179266657138795 0.5102585970941893
-0.5146096095881119 0.1133087004414548 0.8499047523833714
-0.08783503125968749 0.1010388816603681 -0.9909975538196004
-0.1105780239358637 -0.05165822453894673 -0.9925240190846383
-0.03824334882961378 -0.130047812047354 -0.9907699091373298
0.3827336246792302 -0.4606014891998422 0.8008503235229326
-0.9987348112958145 -0.01070914582525511 0.04913339904389923
-0.5135364337924504 0.8563626817908512 0.05406744310315941
0.7234751611175276 -0.4689656148077113 0.5066112349464754
0.8489110437997156 -0.3903194118870763 0.3563717110251657
0.9849292038657657 -0.1155511522263155 0.1286949672346202
-0.08566619207679688 -0.9325343537179757 -0.3507719810230838
-0.3906850069170144 0.9198983807117058 -0.03394399113589753
0.9135411357944785 -0.1140576893733307 0.3904272489288509
0.241548954276333 0.1197060505459018 0.9629769281507797
0.95666505245966 0.1180949902047498 0.2661682751397993
0.9516135715752485 0.2334804686046396 0.1997960989958443
0.9699790272459822 0.2343703758148425 0.06489386445071395
0.9286353744957709 0.3475864469712805 0.1296919547118489
0.9389964731551843 0.3439202838742443 -0.002112283594672019
0.8881558772796618 0.4559594270722033 0.05727249355128752
0.9707758720238718 0.2300362552088748 -0.0683924526959567
0.9031495196795366 0.3418890622683454 0.2596782898201038
0.9930963820144002 0.117299726641693 -0.0005917429278360758
0.7709190810199442 0.1109841756536565 0.6271891925677954
0.2042041092093232 0.1211407068308689 -0.9714039380868004
0.2011132210531969 -0.1175545175347042 -0.9724887699736131
0.2011132210531935 -0.1175545175346979 0.9724887699736146
0.1375725627879393 -0.2354796526962303 0.9620930948375117
0.004486930131960168 -0.2285876039086131 0.9735130069995521
0.7746223971720374 -0.1088586781566874 -0.6229846948275898
-0.8399001938302921 -0.414624918437561 -0.3502197044920284
0.8716642147160559 0.4521912087784554 0.189009543375251
0.8207901029710608 0.558987659908462 0.1176282403796683
0.1006746146591336 -0.7889947144155401 -0.6060956711506652
-0.01534201495674855 -0.839443930739304 -0.5432297025402915
-0.1514414453916528 0.5068005346629468 -0.8486570017875527
-0.3569159214673814 0.2348886458822314 -0.9041229722989577
-0.5455769840670398 0.7381729323880241 0.3967952574640713
-0.528802620446258 0.4055669883513333 -0.7455757550838146
-0.6295501120929481 0.3485339433095401 -0.6943995584134963
-0.795835954670076 -0.5862011785535183 0.1517013893042359
-0.6942571874366735 -0.537000436286491 -0.4792050595732874
-0.9634428033277463 0.08732043549760612 -0.2532846348685244
0.1058631279194805 0.8212581291457901 0.5606496976357523
0.1722862455525591 0.8749732973337685 0.4524811361220223
-0.8856728269072325 0.463966007473441 0.01786582176409287
-0.8180656831179118 0.5738052630839588 0.03893659155567061
0.4908297189549957 -0.8184386120501368 -0.2987380546498983
-0.510780786717637 -0.5620809963260133 0.6505135982354774
-0.3959261540692332 -0.5676414777611587 0.7218210534814524
0.4953089326959413 -0.8523068047494602 -0.1680540739445884
-0.1650882860437523 0.6709011236868844 0.7229367469196819
-0.4090855638154056 -0.6006802345508474 -0.6869004711730592
-0.3009996351520631 -0.6691913504230637 -0.6793983780943853
-0.1052184154259365 -0.9142358242131513 0.3912824335190054
0.008107836402651256 -0.8889930799768709 0.4578488470468224
0.1292876388362972 -0.9058150479949585 0.4034647509634841
0.1208812103976974 -0.8429272234498552 0.5242722851151924
0.2343906999372903 -0.8523838639096649 0.4674427754595604
0.005380542941847688 -0.8184125702759673 0.5746058775995386
0.3399814683369332 -0.7857771344713497 0.516688393646942
0.4244784134363037 -0.7877884556949323 0.4463265907386564
0.09348369480242551 0.9295257580311242 0.3567108968937601
-0.8787177581091372 0.3288684786304828 0.3459777815798631
-0.5308067548810967 0.7379714490816213 -0.416704126824983
0.5496184234025878 -0.6029038802715528 -0.5782962042154166
0.8265066948164159 -0.4719707961587338 -0.3068065367571799
0.7563103643691518 -0.5894269020340803 -0.2838495374424757
0.8062920727437293 -0.5369125105888903 0.2482298318167167
-0.8329993980146617 0.3785771630588484 -0.4034740815932609
-0.7901513870714919 0.4974379540738788 -0.3580729916592299
-0.2389617214224706 -0.08326043039800649 -0.9674528393801676
0.2848104126408106 -0.5314678135735895 -0.7977624909624915
0.1634150250228097 -0.5229337046482456 -0.8365619344314298
-0.212065125270074 0.9621827958301724 0.1709755832059673
-0.8856854223224206 -0.4606972302480666 -0.05761418859374128
-0.8951105870110758 -0.4019711822391349 -0.1928631786266096
-0.846991724082424 -0.3223104352951831 -0.4227540687393943
-0.5940687197088514 0.4693808407518658 -0.6532717524878584
-0.6836783544976049 0.7215360788542223 -0.1094056420077168
0.1659228970701641 -0.9532531463215016 -0.252543127516869
0.05764202679650886 -0.9816176953215088 -0.1819453131533769
-0.03937352824149102 0.9527397651028526 -0.3012252732849248
0.1441906439287465 0.9821817641433928 -0.1205323209250794
-0.7900473136852848 -0.1745167939473468 0.5876811471954878
-0.825683089717332 -0.2693425489751867 0.4956833935753643
-0.9792953483782001 0.2011267665941998 -0.02299226835659955
0.2417722192172821 0.8337065063064746 -0.4964671745009963
0.1041654497690763 0.9945323695208976 0.007411143606391683
0.4766863905926431 0.8360253499133301 0.2717198912962613
0.4012109219904683 0.8978873050976472 0.1811854945078186
-0.127071499732491 0.8522982244523579 -0.5073860172995445
-0.6466450384026398 -0.7358522218042147 0.200927106123214
-0.7245603078499669 -0.6397514122928551 0.2563795833479299
0.5533583188571936 -0.7754049342558331 0.3042067699497295
-0.4629404761942653 -0.7939121199285853 -0.3941949534577104
0.5526582421365297 0.6261160392133659 0.5500432463346201
0.6738368417493183 0.7383453281567114 0.02810848787221345
0.7555470966524919 0.6117918238205595 0.2342207271919023
0.160487306058292 0.7203428172996273 -0.674796302715855
-0.7951833385319637 -0.5881151771746106 -0.1476617638322021
0.8917672191957262 -0.4449838438587906 -0.0821011904455534
-0.3903444759610624 -0.9062261745732187 -0.162435558314901
-0.3519928038672873 -0.9352864499159814 -0.03661041694935874
-0.2263472612891148 -0.973850560907727 -0.01954487980578748
-0.4374377178575072 -0.898409669738468 0.03883694524589697
0.8344528940020027 0.3929261182545423 0.386390260339336
-0.1338880840128851 -0.7034796154460228 0.6979902661293169
-0.2490437239519273 -0.7101197503602972 0.6585644719451433
-0.1824768272812061 -0.7871072520553843 0.5892065692668459
-0.2999332373186285 -0.7776185924749501 0.5525842721149822
-0.2845294525056489 -0.5286076099344286 0.7997605800339541
-0.6047071907959276 -0.7929686227876047 0.07436381293362405
-0.0305864027046588 -0.3388933897429952 0.9403274654917247
-0.5311575871988139 -0.6425550231322283 0.5522632160561447
0.4366037062635826 0.6798709808465253 0.5891966166566869
-0.9629976168185359 -0.2041212011481011 0.1759833095599603
0.4243311113390742 0.8554321635418829 -0.2969493585239734
0.6821783093479645 -0.7309278268777594 -0.01942334036433498
0.4427015412088318 0.8951193399473207 0.05269452214033324
-0.5427901748330953 -0.1290897571219989 0.8298883423153027
0.1255756873980951 -0.5319767294403979 0.8373956687662013
-0.8165093262067757 0.06565778957637969 -0.5735865888297085
-0.7456450413206193 -0.0004755543397029425 -0.6663431895067601
-0.6718606495682601 0.5627622464071075 0.4815619602715123
-0.6507567297848443 0.6529646603657996 0.3874955883014814
0.1713846362311256 0.5691640217548115 0.8041639278180869
0.2430918747355557 -0.7958703818062851 -0.5545238279831363
0.6340496354628553 0.6934369166664259 -0.3422372019134982
0.6328170723524275 0.6222060632295785 -0.4608710967501134
-0.7403361301312749 0.5550040724504985 0.3793058053676607
-0.2854839421273053 -0.3381437650474207 -0.8967484111761828
0.3734211168249713 -0.9141469405627783 0.1577721159422771
-0.6090835066347197 -0.3081397110190888 -0.7307990150777612
0.1346180002370043 -0.9503780959196331 0.2804629544313521
-0.8530456577730726 -0.3456343493314848 0.3909603590093337
0.8672215014591671 0.4243277769821269 -0.260524096943669
0.6569866187894847 0.3422389270596627 -0.6717448172755865
0.5729261987638335 0.1139183657611357 0.8116515118647513
0.3905314963271741 0.5771678248231404 -0.7171906666747575
-0.4071991949637563 0.07732367446508057 0.9100603633760164
0.8420565359251381 0.5386367205853576 -0.0284828640204561
0.7706949330856253 0.1135418396848743 -0.6270068346972923
-0.0283764484042331 0.2055737334563663 -0.9782301453588377
-0.2661728002178511 0.9187427439019269 -0.2916570090907237
-0.9655689407836291 -0.0889320040992983 0.244474373382698
0.984131068345654 0.1148443738617214 -0.1352657018950145
0.848919086788073 0.1132852238623719 0.5162391327101775
0.6197477109038346 -0.1928214053171872 -0.7607448195557838
-0.1439534887166342 -0.9818920614758798 -0.1231477677303042
0.9240928551326523 0.354802857947865 -0.1420117146041478
0.2356355231934878 -0.2148994903171377 0.9477837882506567
0.1910051713825393 -0.3364037718274571 0.9221439837711826
-0.3624659882410181 -0.1973463338999636 0.9108637833752675
0.4492116616736043 -0.1017647490467942 0.8876107361157155
-0.1020915101321425 -0.8503654071885476 0.5161937599545294
0.9574603794018657 -0.1064563681695311 -0.2682101108306483
0.9171064121201097 0.2301696632816332 0.3254808058134902
-0.0493994280465203 -0.4053297893714953 -0.9128348472515365
-0.6899004287302937 -0.2057240345548368 -0.6940569285326943
-0.07905988240843437 0.09202774464338812 0.992612930204627
-0.4547315210400815 0.8224358639555066 -0.341787204927764
-0.7791875452247041 -0.4314640737662144 -0.4546487901839863
-0.2981882020450543 0.6490912704176229 0.6998316360588267
-0.1731697679102401 -0.2998983507963849 -0.9381221725721667
0.625689110599434 -0.4945751860111668 -0.6032483089568583
-0.3376800756697099 0.922516251474669 0.1869115626728969
-0.5426156764807674 -0.7897707706516101 -0.2860600591863205
0.1041507706307604 0.4774063076794081 0.8724883004172223
-0.7440540894061241 -0.3009730117796958 0.5964886907714869
0.1697418667172074 -0.9780290480105731 -0.1210242947960855
-0.9967235397951631 0.06848921558989483 -0.04302804394904174
0.03632750212179271 0.8850152002165178 0.4641426590772583
0.2427126989289669 -0.9066068818582385 0.3451876410677223
-0.1921710975808237 -0.6313806583750867 -0.7512847219825673
0.3546222243289946 -0.8916894412883567 0.2813059158759628
0.9932526470909466 -0.1158174447778846 -0.005958064446529161
0.0137353990375218 0.9954869239613092 -0.09389953692820138
0.05037059985686587 -0.9970032497300553 -0.05871390548897742
-0.1935380850017092 0.3593995097903425 0.9128937517676045
-0.9091218630923306 0.1022350880832908 0.4037888369087631
-0.8615948293642457 0.4185726937546909 -0.2871432570264156
0.592090134515416 -0.7762641667044051 -0.216432936726904
0.5996286344389167 0.5101968208359694 0.6165587601922381
-0.7751709357162128 -0.3914758244334492 0.4958393886179297
-0.1387125948945132 -0.1741881659859543 -0.9748934807701199
-0.05276109066933367 -0.2595628290194054 -0.964283882009248
0.5418319773182791 0.7220379982102421 -0.4302083652091277
0.967478918041829 -0.2352947062646788 -0.09284904064356475
-0.4220702790115742 -0.6480842979727419 0.6339112101045936
0.9089003789870237 -0.1152945052126062 -0.4007583787583548
-0.05641374172173214 -0.9708737283771142 -0.2328555202095824
-0.9094919487345402 0.4032595890069259 -0.1010252397226249
0.5189557460227353 0.8421971356391469 0.1462495073195209
0.7521365219705378 0.3202275694198063 -0.5759730515410819
0.1098446396426156 0.2393526739530435 -0.9646991513489125
0.9547273062322359 -0.2277651819051777 0.191360373761758
0.9204189658597994 0.117106505452724 -0.3729812242811003
0.5298507990839316 0.4645429195204303 0.7095477479589052
0.9216511865408002 -0.2213258541261525 0.3187066937534636
-0.4995352266544362 -0.8499194515617196 -0.1676349700639071
-0.3120072772351795 0.6606452774246365 -0.6827878706954416
-0.995864135065722 -0.07536125346086159 -0.05074747251449432
0.3952372718200953 -0.2115881789142099 -0.8938780350293749
0.4557243862650312 -0.09944990475132866 -0.884547907243193
0.2697121762389009 -0.2145635867095229 -0.9387320220631771
0.1450613972484243 -0.2244219345105506 -0.9636347785021444
0.6927929876012136 -0.3693713587917674 -0.6193566627032507
-0.07180530367992465 0.9794975575322977 -0.1882246879442142
-0.383630051488768 0.8865049117088422 -0.2587219069016446
-0.1265671574000249 -0.8771464609431506 -0.463243824268153
-0.55467061542764 0.2825736685410392 -0.782619083736387
-0.05035454802384116 -0.1298620892819193 0.9902526229506536
-0.4735153608020309 -0.02516932785106243 0.8804258674187443
-0.103751606850385 0.6023687249188088 -0.7914464753321299
0.956346615839027 0.2198475859665298 -0.1925310087178941
0.3650436281431076 -0.2331738008344958 0.9013174402820082
0.1770500396504475 0.6368634685655868 -0.750372044965952
0.8004425614908522 -0.2082019059100424 -0.5620886692768223
-0.4086402270933382 0.4472403358102935 0.7956062134155318
0.6801676436014549 -0.7190949432353326 -0.14238833944891
-0.09543629013248399 0.874398808171207 0.4757295857885245
0.4402396577680242 0.8007372988755166 -0.4062127791168498
0.6089975676393341 0.7838738020769693 0.1210942815609843
0.2970383474428524 -0.4043138127436514 0.86504251974866
-0.6354156802867754 0.76789278216504 0.08116395964052535
0.7278242595233732 0.2141814728475862 0.6514584744541223
-0.8958279612630826 -0.2275943168326863 0.3816976431217408
-0.4590087514794698 0.2168190544655802 -0.8615686064881368
-0.2095962704549993 0.790358034131216 -0.575676629103175
-0.7577877794335339 0.6508901456159045 -0.04582248008674636
-0.2385218591895379 -0.2236985596916518 0.9450218394728488
-0.9801896513367738 0.1396075846998765 -0.1404918848423659
0.791720889121903 0.2163898690975631 -0.5712735406790366
0.5740249979252861 -0.09999090430007616 -0.8127097395836526
0.03817058874412696 0.3851252767703019 0.9220745779748648
0.3417196365517369 -0.8502364451315575 0.4004068897571582
0.0977413776565383 -0.7777221041944267 0.6209629230003957
0.896309716867189 0.4402931250275346 -0.05263891624024197
0.5256929323946692 -0.7368495727778004 0.4250878120194305
-0.07506280449343783 -0.5829854728070439 -0.8090077341271389
-0.7586100099293411 0.4630494576349265 0.4583623595137426
-0.3509429249627628 -0.8169216245228172 0.4576878005863622
-0.9538615385445293 0.2768793590836602 -0.1161291772074752
0.7513839566117495 0.6513159001331704 0.1058760973033606
-0.447883610875919 -0.8911393287711453 -0.07260143129485201
-0.4517558277089479 -0.1380350391249494 0.8813983209110267
-0.5279731032581485 0.05036249634538249 -0.8477664897823113
-0.3925827710963911 -0.3113906640792863 0.8653985337187369
-0.4322289754332555 -0.887969696595866 0.157123934279167
-0.4024527287285147 0.9106919799555452 0.09312313774579035
0.03660124124355456 -0.5056571114957538 -0.8619577917353041
0.4483746754419351 -0.8232506985954057 0.3481643831360636
-0.4106890650519195 0.6188516167533402 0.6695947791676374
0.6580005209892079 -0.4444554597835425 0.6078607230661731
-0.1468616760571117 0.9376802444726251 -0.3149403232859425
-0.7396557933511471 -0.1167161351813428 -0.662787033028269
0.4144402683714812 0.3320947738977197 0.8473206743034168
-0.8924520475345943 -0.2143092515720045 -0.3969897826669566
0.9296941619344206 -0.3474288156869534 -0.1223191861296355
-0.03686272366710486 -0.9908649104319159 -0.1297222759536452
0.5026478650061457 -0.4374648181770272 0.7456337282219093
0.1865686186618846 -0.4462529304470935 0.8752430934306068
0.5477391460921424 0.3122750716659879 0.7761869023980326
0.07515630697295016 -0.32110495429446 0.9440567450369393
0.725057992109518 -0.219001528813574 -0.6529389239855681
-0.2294955417415974 0.8392480416889611 0.4929447442076795
-0.1818844340518333 -0.9797812802104106 0.08334683916558133
-0.07895762995643275 -0.7732683596650339 0.6291436533992938
0.3536652210585373 0.8020033232123921 -0.4813642913323498
-0.9867496059949143 -0.07927938265656646 0.1415626877198757
-0.4449895750556601 -0.385373627299762 0.8083758070808448
0.2848491762149153 0.2190535576272049 0.933207632684468
0.8181588997154816 0.5287475225301684 0.2259249261028124
-0.08689874047498923 0.4146660860338297 0.9058149071401094
-0.9410591195511457 -0.1854471627207574 0.2828729102414075
-0.421442211309876 0.8941210927543604 -0.1514395391500857
-0.9504679461591976 0.1078241576111878 0.2915212416949313
0.2268437131566652 0.7623412555443826 -0.6061169358269994
-0.8195599113469167 -0.5708745110474641 -0.04923255375615554
-0.7837896791153756 -0.6187644020002285 0.0529561491190239
-0.3926480715935714 -0.48047386791084 0.7842017305060263
0.7428474738216293 -0.6418455228476294 -0.190294391502422
-0.3119772453426933 -0.630988444187373 0.7102983751145594
0.8568450193957451 0.4258254976591206 0.2906703601677812
0.3396740598045965 -0.7191469414127158 0.6061758901116071
0.8470422306683341 -0.4516332472663904 0.2802621441222989
-0.6941685731067367 0.2413990223892253 0.6781272034806474
-0.7297168578090976 -0.6648207768976512 0.1597705918948193
-0.8303324003519956 -0.2447663849021593 -0.5006371158310391
0.9605881472750945 -0.191662807940473 -0.2013349929023137
0.5926706147573501 0.2089820724726273 0.7778611931367898
-0.8252258853556862 0.3643125639516034 0.4316000392561762
0.2887286431226236 -0.2918825514429709 0.9118335082698541
-0.8494477884125923 -0.5058232589261074 -0.1502707073595113
0.04231748005713153 -0.2214997966211144 -0.9742417928719848
-0.8019033803743758 0.1505031329678296 0.5781866268870433
-0.6810512908475562 0.7322046614112282 -0.006743370266124486
-0.5197430159873401 -0.8492325976293246 0.09311923784124029
-0.1511041503626102 0.6587927987096541 -0.7369936119882552
-0.8719910690085741 0.4490668668384149 -0.1948602696221408
-0.3240210121117797 0.3741238876425997 0.8689313554045828
0.8792750343610428 -0.301795940352992 0.3685032216084959
0.8809919894588776 0.3143434435474865 0.353611812596804
-0.3444953250094399 -0.7072962876649479 0.6172964705083155
0.9342415047979009 0.2071290081304466 -0.290328063927432
