683 735 0
632 633 297
193 737 194
410 636 464
444 490 432
464 636 551
375 531 520
520 530 375
730 788 461
499 500 37
493 635 615
35 536 204
488 502 484
111 673 659
183 752 216
204 208 35
454 735 683
203 778 127
459 599 553
26 713 477
216 724 183
194 737 180
332 650 556
488 810 502
207 670 31
127 614 203
55 57 51
500 720 37
472 788 730
676 769 323
51 57 53
297 678 632
715 766 405
498 703 392
194 503 193
450 774 681
323 771 676
200 789 181
444 491 490
392 819 498
197 767 620
527 784 511
511 784 509
205 534 147
422 484 483
615 635 307
553 599 259
474 766 715
422 488 484
461 788 741
490 646 432
181 218 200
51 53 44
677 739 508
416 495 415
477 741 26
620 746 197
379 589 513
721 786 206
502 810 363
25 547 45
453 703 498
44 53 49
681 774 489
555 664 100
189 670 207
556 650 441
512 662 58
628 821 413
581 583 384
55 58 57
731 778 179
413 768 628
134 786 721
379 590 589
416 496 495
498 819 494
477 713 479
659 673 501
100 767 555
529 748 177
420 742 497
547 718 45
58 662 57
203 614 186
199 789 200
762 775 617
44 49 42
450 681 471
261 725 694
580 581 384
429 785 675
675 787 429
111 761 673
605 778 731
555 767 621
442 733 557
694 725 528
584 775 762
614 752 186
332 556 495
6 43 29
502 523 484
176 529 177
498 586 453
147 534 190
633 765 297
221 702 211
374 533 417
533 733 442
208 209 35
473 685 600
621 796 555
42 43 5
3 547 25
615 811 493
583 759 584
425 590 411
600 685 553
441 557 556
42 49 43
495 556 415
31 680 207
620 767 100
442 557 441
5 43 6
484 523 482
508 739 511
205 799 534
421 488 422
274 739 677
533 714 417
43 46 29
125 789 744
407 515 260
495 496 333
581 759 583
235 770 491
679 713 10
221 824 702
192 748 529
4 42 5
476 488 421
27 722 719
491 751 235
186 752 183
127 778 605
265 575 334
510 517 507
422 742 420
155 559 166
510 784 516
505 786 780
464 754 410
668 793 639
626 627 337
18 506 36
519 530 520
497 776 420
496 596 333
218 686 200
519 520 518
25 42 4
744 789 199
780 786 134
568 569 446
3 25 4
589 590 425
627 672 306
414 682 656
90 638 94
517 519 518
639 793 366
506 517 36
582 760 387
198 724 216
583 584 353
411 590 486
507 517 506
179 667 205
712 827 806
719 722 460
510 519 517
461 741 477
512 740 622
36 522 17
117 758 691
390 663 456
414 656 263
763 774 496
712 806 572
337 628 626
252 575 265
676 771 457
479 713 679
217 814 39
292 701 693
663 736 456
542 664 555
699 711 33
692 707 300
621 767 197
208 210 209
509 784 510
463 668 514
23 536 35
19 506 18
37 756 499
518 522 36
432 646 645
92 638 90
46 47 29
43 49 46
513 624 379
39 749 217
546 670 189
582 791 678
94 638 619
520 521 518
423 685 564
206 786 217
216 822 198
483 742 422
734 751 491
17 522 16
561 601 160
517 518 36
198 558 156
423 564 376
678 791 632
9 26 8
462 711 699
58 740 512
387 791 582
306 790 627
55 503 58
562 601 561
619 706 120
210 234 209
34 757 6
49 50 46
214 560 158
489 774 763
413 821 635
417 714 672
80 613 78
521 522 518
440 608 607
524 666 48
459 817 599
363 810 494
14 532 13
179 778 667
656 682 433
234 364 209
49 53 50
446 715 568
27 719 532
234 365 364
53 54 50
234 481 365
365 390 364
53 57 54
54 56 50
481 482 365
390 454 364
54 59 56
481 483 482
390 455 454
454 683 364
59 60 56
483 484 482
455 464 454
390 456 455
60 61 56
59 135 60
60 62 61
59 136 135
62 63 61
136 201 135
59 662 136
62 64 63
136 202 201
64 138 63
62 65 64
136 512 202
65 66 64
138 499 63
138 500 499
65 67 66
138 501 500
67 68 66
213 418 219
106 108 107
12 33 11
7 34 6
285 297 283
277 295 276
106 107 98
323 643 314
277 637 295
213 219 218
68 111 66
67 69 68
322 588 424
418 419 219
275 276 273
106 195 108
275 277 276
91 93 92
215 222 220
93 106 98
130 622 131
0 336 23
402 514 487
480 513 478
301 302 299
2 40 1
304 305 302
311 312 305
332 495 333
98 649 97
93 98 97
67 70 69
69 100 68
72 73 71
295 308 300
172 587 168
419 420 219
312 313 305
70 71 69
195 199 108
275 278 277
280 307 282
308 321 310
215 466 222
215 220 214
453 586 245
317 322 313
94 619 114
222 223 220
332 333 331
88 91 90
288 306 290
443 533 442
429 636 399
308 310 309
73 132 71
72 74 73
258 468 251
322 408 313
419 421 420
342 344 343
238 239 236
199 200 108
340 342 341
278 279 277
212 497 221
242 246 244
105 127 102
459 553 423
70 72 71
150 213 181
342 343 341
344 346 343
1 48 2
18 36 17
238 240 239
258 469 468
74 75 73
239 262 236
322 411 408
238 394 240
421 422 420
419 465 421
310 323 314
314 316 315
95 96 76
381 406 370
278 280 279
289 338 287
450 471 449
147 190 144
131 148 129
74 95 76
222 227 223
316 355 326
378 379 357
131 180 148
439 450 449
322 424 411
258 470 469
411 486 408
281 383 279
465 476 421
381 451 406
177 215 214
74 76 75
372 373 335
326 502 363
451 472 406
280 281 279
131 194 180
180 216 148
470 489 469
397 398 388
8 37 9
424 425 411
439 449 438
465 485 476
386 415 385
130 131 129
389 429 399
77 78 75
76 77 75
386 416 415
350 386 385
105 130 129
382 439 438
121 122 119
350 372 335
424 447 425
485 494 476
20 32 21
428 462 427
461 477 448
427 460 426
123 206 188
206 217 188
485 498 494
13 38 14
447 461 448
417 445 393
396 459 423
10 30 11
380 428 427
188 189 137
374 417 393
393 467 373
377 403 396
396 423 376
123 188 137
447 448 425
477 478 448
477 479 478
189 207 137
380 427 426
479 480 478
382 438 437
145 208 204
402 487 440
404 413 412
173 192 184
145 204 142
4 28 3
404 412 403
457 458 409
369 381 370
123 137 121
77 79 78
436 528 463
28 548 3
120 123 121
402 440 391
120 121 119
435 474 434
392 402 391
377 404 403
114 120 119
118 197 196
141 145 142
328 443 442
104 141 133
372 374 373
350 385 372
380 426 356
374 393 373
141 142 133
377 396 376
179 205 147
133 134 112
173 184 182
382 437 381
243 435 434
362 392 391
146 147 144
436 463 401
395 473 414
280 282 281
177 214 158
118 196 113
101 105 102
114 119 118
369 382 381
22 274 21
104 133 112
187 203 186
368 644 389
290 292 291
410 457 409
328 442 441
112 191 99
399 409 397
22 549 274
18 39 19
110 212 211
357 380 356
369 370 330
345 378 357
146 179 147
290 291 289
282 283 281
23 35 0
329 377 376
389 399 397
173 182 172
102 116 96
284 337 286
243 434 241
389 397 388
21 41 22
399 410 409
282 284 283
288 290 289
400 436 401
395 414 263
284 285 283
401 453 245
105 129 127
288 289 287
97 104 99
242 243 241
104 112 99
326 363 362
362 391 325
114 118 113
375 530 348
368 389 388
345 357 356
286 288 287
185 187 186
341 431 339
85 125 124
242 244 243
273 658 271
328 441 311
117 691 109
110 211 117
286 287 285
94 114 113
143 146 144
284 286 285
176 177 158
95 115 101
101 102 96
329 376 319
368 388 387
170 173 172
334 335 320
342 345 344
346 375 348
304 311 305
97 99 92
212 221 211
359 527 371
256 266 257
400 401 245
229 405 400
334 350 335
473 515 414
264 395 263
316 326 325
345 356 344
255 261 253
268 327 270
93 97 92
326 362 325
224 446 171
225 238 236
318 332 331
331 369 330
185 186 183
91 92 90
213 218 181
85 124 83
110 117 109
94 113 89
143 144 84
268 270 269
149 176 158
256 257 255
86 88 87
368 387 367
252 264 263
95 101 96
160 161 159
225 236 235
320 329 319
88 90 89
367 384 360
412 493 492
340 341 339
272 275 273
192 529 184
72 640 74
67 651 70
170 172 168
90 94 89
15 31 16
254 259 256
254 255 253
412 492 403
529 534 184
229 400 245
312 317 313
361 368 367
318 331 330
303 430 340
88 89 87
359 371 361
254 256 255
318 330 317
252 263 250
233 444 432
346 348 347
304 328 311
237 242 241
169 224 171
268 269 267
265 334 320
301 304 302
126 128 125
237 241 232
314 315 309
163 185 183
296 657 291
316 325 315
84 85 83
115 610 101
82 143 84
107 110 109
310 314 309
150 181 128
149 158 150
169 171 170
86 87 80
524 525 178
70 140 72
303 340 339
303 339 298
351 516 352
265 320 319
85 126 125
225 235 175
178 594 225
159 198 156
157 160 159
361 367 360
271 324 269
312 318 317
249 254 253
346 347 343
81 86 80
169 593 224
79 81 80
169 170 168
270 271 269
299 303 298
165 231 226
359 361 360
267 366 257
200 574 108
352 353 349
266 268 267
265 319 264
233 432 237
79 80 78
251 252 250
270 272 271
352 358 354
287 577 285
266 267 257
294 301 299
308 309 300
351 352 349
126 149 128
163 183 161
248 258 251
82 84 83
6 29 7
167 169 168
107 109 98
295 300 276
230 653 223
229 245 228
149 150 128
294 299 298
348 351 349
237 645 242
359 360 354
233 237 232
358 359 354
247 433 239
167 168 164
178 225 175
174 524 178
157 159 156
249 253 244
272 273 271
162 601 165
162 165 164
352 354 353
246 407 260
293 296 291
240 247 239
165 226 167
292 294 293
240 248 247
294 298 293
162 164 163
231 232 226
165 167 164
248 251 250
348 349 347
470 687 681
155 166 157
292 293 291
252 265 264
82 83 81
162 163 161
248 250 247
227 229 228
394 654 240
231 233 232
79 82 81
228 230 223
470 681 489
227 228 223
333 595 331
246 249 244
174 178 175
155 157 156
160 162 161
246 260 249
174 175 154
152 666 174
155 156 153
154 155 153
152 174 154
152 154 153
152 153 151
193 503 103
139 152 151
151 193 103
139 151 103
52 139 103
52 103 55
539 543 541
541 542 540
52 55 51
540 544 538
539 541 540
45 52 51
509 510 507
508 511 509
580 582 578
579 581 580
202 801 610
539 540 538
350 576 386
45 51 44
341 617 431
508 509 507
24 677 508
579 580 578
124 585 83
91 566 93
27 532 14
38 539 538
32 505 504
61 660 56
25 45 44
542 555 554
494 819 363
24 508 507
91 567 566
542 554 540
475 490 262
338 579 578
3 548 2
23 549 22
32 41 21
111 659 66
504 780 142
32 661 505
440 607 391
261 565 253
38 545 539
570 573 302
539 545 543
89 612 87
339 655 298
441 650 311
445 627 626
38 538 537
462 699 532
302 573 299
47 665 29
32 504 41
467 618 373
15 27 14
12 545 13
13 545 38
25 44 42
523 736 663
103 503 55
139 666 152
174 666 524
314 643 316
240 654 248
285 577 297
525 594 178
348 530 351
317 588 322
432 645 237
245 586 228
225 594 238
168 587 164
279 637 277
352 516 358
114 619 120
239 433 262
399 636 410
437 451 381
389 644 429
355 502 326
361 644 368
74 640 95
97 649 104
101 610 105
140 640 72
223 653 220
131 622 194
70 651 140
338 577 287
108 574 107
167 593 169
358 527 359
165 601 231
242 645 246
291 657 289
271 658 324
109 649 98
65 651 67
331 595 369
160 601 162
136 662 512
54 662 59
24 506 19
613 642 78
343 617 341
364 683 209
83 585 81
671 788 472
426 591 356
87 613 80
56 660 50
232 592 226
693 701 604
540 554 544
66 659 64
563 616 272
253 565 244
24 507 506
568 715 405
431 655 339
298 655 293
603 604 443
311 650 312
299 573 303
190 597 144
15 535 27
608 707 692
373 618 335
571 572 321
720 828 30
397 634 398
336 550 549
336 549 23
2 548 40
355 523 502
433 475 262
437 452 451
338 578 577
65 652 651
200 686 574
357 624 380
266 598 268
256 599 266
173 602 192
413 635 412
207 629 137
324 639 269
144 597 84
78 642 75
409 634 397
233 562 444
16 535 15
379 624 357
380 624 428
345 641 378
268 598 327
76 606 77
412 635 493
269 639 267
75 642 73
82 611 143
231 562 233
448 589 425
96 606 76
557 733 385
15 537 31
38 537 14
492 623 403
132 620 71
327 563 270
403 623 396
71 620 69
30 669 11
270 563 272
69 620 100
396 623 459
478 589 448
116 606 96
266 599 598
400 609 436
79 611 82
444 734 491
73 642 132
68 664 111
267 639 366
342 641 345
430 641 340
142 795 504
513 589 478
405 609 400
77 611 79
62 652 65
458 634 409
259 600 553
229 568 405
631 633 632
137 629 121
84 597 85
170 602 173
100 664 68
340 641 342
564 685 395
259 599 256
39 661 19
20 661 32
612 613 87
466 569 222
12 669 545
631 632 630
29 665 7
8 665 37
475 646 490
85 597 126
227 568 229
121 629 122
335 618 320
31 670 16
303 573 430
536 795 204
11 679 10
171 602 170
312 650 318
293 655 296
64 659 138
241 592 232
244 565 243
102 605 116
514 800 463
608 692 607
346 591 375
356 591 344
222 569 227
654 687 470
445 626 625
603 693 604
393 625 467
122 621 119
118 621 197
86 567 88
560 648 418
14 537 15
81 585 86
545 669 543
347 617 343
588 688 424
415 557 385
11 669 12
594 708 394
295 637 571
308 571 321
248 654 258
316 643 355
238 594 394
105 610 130
330 588 317
95 640 115
371 644 361
383 637 279
107 574 110
369 595 382
164 587 163
104 649 141
226 593 167
289 657 338
109 691 649
246 645 407
228 586 230
57 662 54
50 660 46
606 611 77
582 678 578
172 684 587
113 612 89
667 732 205
445 672 627
320 618 329
532 699 13
391 607 325
418 648 647
318 650 332
627 790 337
532 719 462
519 777 530
280 615 307
10 713 9
572 806 634
592 593 226
243 565 435
576 697 386
305 570 302
408 570 313
138 659 501
20 24 19
538 680 537
491 770 490
45 718 52
609 766 755
272 616 275
575 576 334
434 592 241
18 546 39
7 552 34
93 566 106
301 693 603
166 751 734
127 605 102
129 614 127
344 591 346
227 569 568
328 603 443
301 603 304
443 714 533
189 749 546
34 788 671
445 625 393
523 663 482
119 621 118
19 661 20
438 728 726
88 567 91
86 585 567
645 646 407
467 690 618
382 595 439
110 574 212
258 654 470
163 587 185
370 588 330
500 828 720
273 707 658
300 707 276
544 680 538
424 688 447
528 725 366
295 571 308
231 601 562
7 665 8
417 672 445
213 560 418
158 560 150
220 653 648
135 652 60
182 684 172
543 673 541
196 612 113
16 670 17
457 754 676
33 679 11
436 694 528
12 699 33
209 683 35
149 689 176
325 607 315
190 689 597
187 667 203
292 693 294
60 652 62
278 615 280
194 740 503
377 690 404
264 564 395
376 564 319
151 558 193
156 558 153
419 647 465
449 728 438
451 671 472
338 657 579
711 782 480
313 570 305
290 701 292
527 747 371
52 718 139
275 616 278
609 755 694
438 726 437
515 682 414
537 680 31
106 566 195
296 696 657
553 685 423
521 535 522
374 733 533
143 700 146
309 692 300
148 614 129
610 792 202
648 653 647
583 808 384
139 718 666
514 668 487
753 820 602
304 603 328
383 765 633
210 702 234
120 706 123
634 804 572
37 720 9
10 720 30
499 717 63
474 704 434
402 703 514
17 670 546
578 678 577
439 596 450
597 689 126
99 638 92
61 717 660
622 801 512
278 616 615
559 751 166
496 774 596
410 754 457
353 808 583
157 561 160
124 695 585
462 719 427
570 705 573
531 809 460
276 707 273
486 705 408
26 552 8
525 708 594
17 546 18
8 552 7
452 671 451
618 690 329
0 735 336
251 575 252
150 560 213
388 630 387
255 725 261
366 725 257
214 648 560
386 697 416
577 678 297
247 656 433
263 656 250
365 663 390
183 724 161
159 724 198
652 710 651
437 726 452
531 825 520
46 660 47
372 733 374
394 687 654
201 710 135
191 706 619
126 689 149
416 763 496
587 684 185
637 712 571
370 688 588
294 693 301
522 535 16
585 695 567
1 524 48
607 692 315
329 690 377
319 564 264
516 777 510
153 558 151
395 685 473
404 723 413
418 647 419
405 766 609
584 762 353
593 704 224
574 686 212
567 695 566
688 730 447
520 825 521
408 705 570
334 576 350
690 723 404
13 699 12
571 712 572
609 694 436
336 551 550
20 677 24
154 559 155
235 559 175
188 749 189
306 701 290
460 809 426
215 748 466
337 772 628
440 750 608
428 711 462
185 684 187
579 696 581
433 682 475
196 716 612
651 710 140
406 688 370
657 696 579
655 698 296
431 698 655
323 769 643
511 747 527
9 713 26
480 813 711
297 765 283
281 765 383
315 692 309
142 780 133
505 780 504
135 710 652
353 762 349
407 779 515
398 631 630
548 729 40
420 776 219
234 702 481
387 760 367
611 700 143
466 820 753
606 700 611
383 712 637
236 770 235
556 557 415
307 772 282
284 772 337
610 801 130
612 716 613
116 700 606
633 827 383
700 731 146
643 736 355
2 547 3
254 781 259
260 781 249
123 706 206
260 812 781
63 717 61
117 797 758
628 768 626
392 703 402
604 714 443
573 705 430
384 808 360
128 789 125
333 596 595
649 691 141
191 638 99
288 790 306
337 790 286
447 730 461
697 763 416
592 704 593
642 716 132
310 794 323
463 800 401
534 799 184
467 723 690
490 770 262
613 716 642
224 823 446
212 686 497
494 810 476
166 561 157
355 736 523
486 743 705
354 808 353
468 697 576
427 719 460
9 720 10
259 781 600
515 812 260
543 738 673
182 732 684
48 718 547
171 753 602
479 813 480
124 744 695
747 785 371
41 795 536
296 698 696
714 783 672
116 731 700
483 824 742
561 734 562
434 704 592
549 674 274
30 738 669
673 761 541
617 775 431
468 575 251
220 648 214
673 738 501
530 777 351
660 717 47
141 691 145
398 630 388
595 596 439
512 801 202
257 725 255
148 752 614
40 526 1
658 707 608
566 695 195
521 722 535
347 762 617
250 656 247
21 677 20
482 663 365
176 773 529
619 638 191
358 784 527
161 724 159
196 746 716
198 737 558
465 764 485
406 730 688
671 757 34
274 677 21
726 727 452
510 777 519
742 824 221
468 576 575
666 718 48
535 722 27
705 743 430
307 821 772
641 743 378
684 732 187
394 708 687
201 745 710
385 733 372
625 723 467
622 740 194
716 746 132
261 755 565
608 750 658
497 742 221
22 536 23
469 697 468
640 745 115
675 785 747
727 757 452
679 813 479
363 819 362
695 744 195
710 745 140
191 721 706
146 731 179
4 727 28
446 823 715
616 811 615
166 734 561
605 731 116
669 738 543
460 825 531
706 721 206
472 730 406
378 805 379
125 744 124
39 814 661
187 732 667
6 757 5
379 805 590
41 536 22
665 756 37
498 815 586
493 803 492
456 676 455
529 773 534
375 809 531
664 761 111
562 734 444
384 760 580
639 798 668
5 757 727
580 760 582
5 727 4
542 761 664
218 776 686
723 768 413
551 735 464
197 746 196
464 735 454
598 802 327
175 559 154
112 721 191
217 749 188
487 750 440
430 743 641
546 749 39
634 806 398
140 745 640
177 748 215
647 764 465
115 792 610
569 753 446
694 755 261
672 783 306
26 741 552
493 811 803
446 753 171
596 774 450
599 817 598
691 758 145
134 721 112
132 746 620
428 782 711
195 744 199
235 751 559
687 709 681
703 800 514
591 809 375
658 750 324
726 728 28
764 815 485
534 773 190
499 756 717
469 763 697
552 788 34
644 785 429
674 739 274
471 729 449
28 727 726
643 769 736
1 525 524
781 812 600
473 812 515
230 764 653
1 526 525
28 728 548
466 753 569
216 752 148
208 758 210
283 765 281
541 761 542
204 795 142
133 780 134
635 821 307
306 783 701
550 675 674
806 827 631
366 793 528
349 762 347
526 709 708
722 825 460
600 812 473
598 817 802
219 776 218
383 827 712
367 760 384
435 766 474
745 792 115
646 779 407
262 770 236
755 766 435
485 815 498
453 800 703
457 771 458
626 768 625
504 795 41
565 755 435
282 772 284
321 794 310
47 756 665
708 709 687
476 810 488
489 763 469
625 768 723
429 787 636
558 737 193
249 781 254
630 791 387
351 777 516
452 757 671
516 784 358
190 773 689
739 816 511
689 773 176
698 759 696
702 797 211
624 782 428
550 787 675
336 735 551
480 782 513
323 794 771
449 729 728
211 797 117
475 779 646
759 775 584
181 789 128
702 824 481
772 821 628
487 798 750
528 793 463
286 790 288
750 798 324
732 799 205
696 759 581
758 797 210
550 674 549
632 791 630
455 754 464
202 792 201
555 796 554
711 813 33
572 804 321
230 815 764
130 801 622
563 811 616
515 779 682
145 758 208
474 823 704
401 800 453
184 799 182
511 816 747
182 799 732
122 796 621
686 776 497
728 729 548
210 797 702
653 764 647
667 778 203
362 819 392
748 820 466
360 808 354
35 683 0
426 809 591
526 818 709
324 798 639
501 828 500
371 785 644
180 822 216
481 824 483
48 547 2
717 756 47
661 814 505
463 793 668
431 775 698
492 802 623
201 792 745
327 803 563
554 807 544
458 804 634
629 826 807
602 820 192
398 806 631
629 807 122
503 740 58
803 811 563
207 826 629
737 822 180
590 805 486
623 817 459
807 826 544
631 827 633
668 798 487
681 709 471
729 818 40
743 805 378
796 807 554
122 807 796
513 782 624
604 783 714
701 783 604
471 818 729
526 708 525
586 815 230
321 804 794
676 754 455
33 813 679
682 779 475
736 769 456
551 787 550
698 775 759
544 826 680
802 817 623
715 823 474
741 788 552
794 804 458
675 816 674
704 823 224
486 805 743
680 826 207
709 818 471
456 769 676
786 814 217
30 828 738
198 822 737
747 816 675
521 825 722
738 828 501
192 820 748
505 814 786
802 803 327
492 803 802
771 794 458
636 787 551
674 816 739
40 818 526
